00a7101d

0
0
0
0,0,0,0,0,0,0,0,0,0
0,0,0
0
0
0
1.700000,2.000000,0,0
0
50.000000000
0
0,1,1
1
0
1-1
1
15 MeV
RiverinaAgility - 15MeV
AGILITY
0,0,0
1
0,0,0,1,1000.000000,4,-1.000000,0.000000,1000.028863,1000.000000,5
DRP
0,48.600000000000001,-5.1000000000000005,247.70000000000002,0,0
12,1
2.70
0.000000
5181,2
0
14X14
146.59490832241738,146.59490832241738,0,0
0
146.59490832241738,146.59490832241738,0,0

10.000000
0,10.000000,0.000000
-28,22,0,0,0,0,0,0,0
0,0
57.488515631908058,-9.8938936531688739,272.76780691321437

57.488515631908058,-9.8938936531688739,272.76780691321437,57.5,-9.9000000000000004,272.80000000000001,0,0.000000
400.000000,0.000000
0,-1

0
0.81865475252740638,-0.43528645319331577,-0.37460659341591201,0.46947156278589081,0.88294759285892699,0,0.3307579899256623,-0.17586714284086702,0.92718385456678742,57.488515631908058,-9.8938936531688739,272.76780691321437,50.810694526921125,-18.253433690885316,-273.66070329809747
22
0.000000
0.000000,0,0,0,2398.661927,100.000000,0,10
0,0,0,0,0,0,0,0,0,0,0,0,0,0,0
1.000000

-1.000000
-1.000000
1
0,0
0
0,0,0,0,0,0,0,0,0,0,0,0,0,0,0,0,0,0,0,0,0,0,0,0,0,0,0,0,0,0,0,0,0,0,0,0,0,0,0,0,0,0,0,0,0,0,0,0,0,0,0,0,0,0,0,0,0,0,0,0,0,0,0,0,0,0,0,0,0,0,0,0,0,0,0,0,0,0,0,0,0,0,0,0,0,0,0,0,0,0,0,0,0,0,0,0,0,0,0,0,0,0,0,0,0,0,0,0,0,0,0,0,0,0,0,0,0,0,0,0,0,0,0,0,0,0,0,0,0,0,0,0,0,0,0,0,0,0,0,0,0,0,0,0,0,0,0,0,0,0,0,0,0,0,0,0,0,0,0,0,0,0,0,0,0,0,0,0,0,0,0,0,0,0,0,0,0,0,0,0,0,0,0,0,0,0,0,0,0,0,0,0,0,0,0,0,0,0,0,0,0,0
2
0
 
268
0,3.125000e-002
Cerrobend
1.500000e+001
removed
7.000000e+000
0.000000e+000
 12.5, 68.8, 13.3, 69.0, 18.3, 69.0, 19.1, 68.6, 20.9, 67.9
 21.5, 67.3, 22.1, 66.6, 22.5, 65.8, 23.5, 64.3, 23.9, 63.4
 24.6, 61.6, 25.0, 60.8, 26.0, 59.2, 26.4, 58.4, 27.1, 56.6
 27.5, 55.7, 28.5, 54.3, 28.9, 53.4, 29.6, 51.6, 30.0, 50.8
 31.0, 49.3, 31.4, 48.4, 32.1, 46.6, 32.5, 45.8, 33.5, 44.3
 33.9, 43.4, 34.6, 41.6, 35.0, 40.8, 36.0, 39.3, 36.4, 38.4
 37.1, 36.6, 37.5, 35.8, 38.5, 34.3, 38.9, 33.4, 39.6, 31.6
 40.0, 30.8, 41.0, 29.3, 41.4, 28.4, 42.1, 26.6, 42.5, 25.8
 42.5, 17.8, 42.9, 16.9, 43.6, 15.1, 44.0, 14.3, 45.0, 12.8
 45.4, 11.9, 46.1, 10.1, 46.5,  9.3, 47.5,  7.7, 47.9,  6.9
 48.6,  5.1, 49.0,  4.2, 50.0,  2.8, 50.4,  1.9, 51.1,  0.1
 51.5, -0.8, 52.5, -2.2, 52.5, -5.3, 52.9, -6.1, 53.6, -7.9
 54.0, -8.8, 55.0,-10.3, 55.4,-11.1, 56.1,-12.9, 56.5,-13.8
 57.5,-15.3, 57.5,-17.3, 57.9,-18.1, 58.6,-19.9, 59.0,-20.8
 60.0,-22.3, 60.4,-23.1, 61.1,-24.9, 61.5,-25.8, 62.5,-27.3
 62.9,-28.1, 63.5,-29.8, 63.5,-34.8, 62.5,-36.3, 62.1,-37.1
 60.9,-38.4, 59.6,-39.6, 58.8,-40.0, 57.3,-41.0, 56.4,-41.4
 54.6,-42.1, 53.8,-42.5, 53.1,-43.1, 52.2,-43.5, 50.8,-44.5
 49.9,-44.9, 49.0,-45.0, 48.3,-45.5, 47.4,-45.9, 45.6,-46.6
 43.9,-47.4, 42.3,-48.0, 41.4,-48.4, 39.6,-49.1, 38.8,-49.5
 37.3,-50.5, 36.4,-50.9, 34.6,-51.6, 32.9,-52.4, 31.1,-53.1
 30.3,-53.5, 28.7,-54.5, 27.9,-54.9, 26.1,-55.6, 25.2,-56.0
 24.6,-56.6, 23.8,-57.0, 22.2,-58.0, 21.4,-58.4, 19.6,-59.1
 18.7,-59.5, 18.0,-60.0, 17.1,-60.1, 16.2,-60.5, 15.5,-61.0
  9.5,-61.0,  8.6,-60.9,  7.8,-60.5,  5.5,-59.0,  2.5,-59.0
  1.6,-58.9,  0.7,-58.5, -0.8,-57.5, -1.6,-57.1, -2.3,-56.5
 -2.9,-55.9, -3.6,-54.1, -4.0,-53.3, -5.0,-51.8, -5.4,-50.9
 -6.1,-49.1, -6.5,-48.3, -7.5,-46.8, -8.4,-46.4, -9.2,-46.0
 -9.9,-45.4,-10.5,-44.8,-11.1,-44.1,-11.5,-43.3,-12.5,-41.8
-12.5,-40.8,-13.5,-39.3,-13.9,-38.4,-14.6,-36.6,-15.0,-35.8
-17.0,-32.8,-17.4,-31.9,-18.1,-30.1,-19.9,-29.9,-20.8,-29.5
-22.2,-28.5,-23.3,-28.5,-24.0,-29.0,-30.0,-29.0,-30.9,-28.9
-31.8,-28.5,-33.2,-27.5,-33.9,-26.9,-34.5,-26.3,-35.1,-25.6
-35.5,-24.8,-36.5,-23.3,-36.5,-22.3,-37.0,-21.5,-37.7,-21.0
-38.6,-20.6,-40.4,-19.9,-41.0,-19.3,-41.6,-18.6,-42.0,-17.8
-43.0,-16.3,-43.4,-15.4,-44.1,-13.6,-44.5,-12.8,-44.9,-11.9
-45.6,-10.1,-46.0, -9.3,-46.5, -8.5,-46.5, -3.5,-46.0, -2.8
-45.6, -1.9,-45.3, -1.0,-44.6, -0.4,-44.3,  0.5,-43.6,  1.1
-43.7,  2.0,-44.1,  2.9,-44.5,  3.8,-45.5,  5.3,-45.9,  6.1
-46.6,  7.9,-47.0,  8.7,-48.0, 10.3,-48.4, 11.1,-48.5, 12.0
-48.5, 17.0,-48.4, 17.9,-48.0, 18.8,-47.5, 19.5,-48.0, 20.3
-48.4, 21.1,-49.1, 22.9,-49.5, 23.8,-50.0, 24.5,-50.0, 34.5
-49.9, 35.4,-49.5, 36.3,-48.5, 37.8,-47.9, 38.4,-46.6, 39.6
-45.4, 40.9,-44.5, 41.2,-43.9, 41.9,-42.1, 42.6,-41.2, 43.0
-39.8, 44.0,-38.9, 44.4,-37.1, 45.1,-36.3, 45.5,-34.8, 46.5
-33.9, 46.9,-33.2, 47.5,-32.4, 47.9,-30.6, 48.6,-30.0, 49.2
-29.1, 49.6,-28.2, 50.0,-26.7, 51.0,-25.9, 51.4,-24.1, 52.1
-23.3, 52.5,-21.8, 53.5,-20.9, 53.9,-19.1, 54.6,-18.3, 55.0
-16.7, 56.0,-15.9, 56.4,-15.0, 56.7,-14.4, 57.4,-12.6, 58.1
-11.7, 58.5,-10.3, 59.5, -9.4, 59.9, -7.6, 60.6, -6.8, 61.0
 -6.0, 61.5, -5.1, 61.6, -4.3, 62.0, -2.8, 63.0, -1.8, 63.0
 -0.2, 64.0,  0.8, 64.0,  2.3, 65.0,  3.1, 65.4,  4.9, 66.1
  5.8, 66.5,  6.5, 67.0,  7.5, 67.0,  8.2, 67.5,  9.1, 67.9
 10.9, 68.1, 11.8, 68.5, 12.5, 68.8
0
0
0.031250
15.000000
Cerrobend
1
0
1
1000.000000
50.000000
water
0
1.000000
 
-1,19700101.110000,-1.000000,0.000000
1,0,0,0,1,1,1,0
0,1,1,1,1,1,1,1
0
0,0
1
2
0.000000
0,0,0
0,0,0,0,0,0,0,0,0,0,0,0,0,0,0
0.000000
0
10
0.000000
1
0.000000,0.000000,0.000000,0.000000,0.000000
0.000000,262.060414,0.000000,0
0.000000,0.000000,0.000000,0.000000,0.000000
1.000000000
0013103b
1
20130101.010000
0
0
19700101.110000
0
19700101.110000
0
19700101.110000
0.0.0.0
0
19700101.110000
0.0.0.0
0
19700101.110000
0.0.0.0
0
19700101.110000
1
20130101.010000
1
0
19700101.110000
0
19700101.110000
0
19700101.110000
19700101.110000
19700101.110000
19700101.110000
19700101.110000
19700101.110000
19700101.110000
19700101.110000
19700101.110000
19700101.110000
19700101.110000
19700101.110000
19700101.110000
19700101.110000
19700101.110000
0,19700101.110000
0,19700101.110000
19700101.110000
19700101.110000
0,0,0
0,0,0
0,0,0
0,0,0
0,0
0
0
19700101.110000
0
0
0
19700101.110000
0,19700101.110000
0,19700101.110000
0,19700101.110000
0,19700101.110000
0,19700101.110000
19700101.110000
19700101.110000
19700101.110000
0
5
1
2662
0
0
0
1400.000000
0
0
0.000000
0.000000
0.000000
0.000000
0.000000
0.000000
0.000000
0.000000
1400.000000
0,0,0,0,0,0,0,0,0,0,0,0,0,0,0
 
0
0
0
 
1
0
0
2
0
0
2
0.000000, 
0
40.000000
0.000000,0.000000,0.000000,0.000000
0
0.000000,0.000000
  0
0
  0
0
2.000000000
1000000000000.000000000
500000
1802
0
0,0
A

0.000000
1
AGILITY
1,2,15.000000,1
1027.025504,0.064022,998.910809,26.807533
0
1,0,1,0,1,1,1,0
0,1,1,1,1,1,1,1
0
0,0
1
0
0
19700101.110000
0
0
0
0
7
0
0
0
0
0
4
4
4
0,1
0
0
-1
-2


-1.000000000
-1
-1
-1


1
removed
24.000000000
10
0
0

A
0
1
A
removed
2400.000000000
2400.000000000
100.000000000
10
0
3

100.000000000
6,-1

57.700000000
-10.000000000
273.500000000
0
1
27.000000000
0
0
